Accuracy: 0.8551724137931035
Precision: 0.8556505420655952
Recall: 0.8551724137931035
F1-score: 0.8529363127881259
